0
7
25
52
86
124
166
210
256
302
349
397
445
494
542
592
641
690
740
789
839
888
938
988
1036
1066
1069
1054
1028
997
968
954
960
980
1004
1026
1038
1031
1011
988
971
966
976
994
1013
1027
1029
1018
1003
989
979
975
980
989
999
1008
1015
1018
1016
1014
1009
1005
1002
1001
1000
998
999
999
999
999
999
999
999
999
999
999
999
999
999
999
999
999
999
999
999
999
999
999
999
999
999
999
999
999
999
999
999
999
999
999
999
999
999
999
999
999
999
999
999
999
999
999
999
999
999
999
999
999
999
999
999
999
999
999
999
999
999
999
999
999
999
999
999
999
999
999
999
999
999
999
999
999
999
999
999
999
999
999
999
999
999
999
999
999
999
999
999
999
999
999
999
999
999
999
999
999
999
999
999
999
999
999
999
999
999
999
999
999
999
999
999
999
999
999
999
999
999
999
999
999
999
999
999
999
999
999
999
999
999
999
999
1005
1025
1055
1090
1130
1172
1218
1264
1312
1360
1409
1459
1508
1558
1608
1658
1708
1759
1808
1859
1909
1959
2009
2052
2073
2069
2050
2022
1992
1966
1956
1966
1988
2014
2033
2036
2022
2001
1982
1969
1972
1985
2001
2016
2025
2024
2016
2006
1996
1990
1986
1988
1992
1994
1995
1994
1992
1992
1993
1993
1993
1993
1993
1993
1993
1993
1993
1993
1993
1993
1993
1993
1993
1993
1993
1993
1993
1993
1993
1993
1993
1993
1993
1993
1993
1993
1993
1993
1993
1993
1993
1993
1993
1993
1993
1993
1993
1993
1993
1993
1993
1993
1993
1993
1993
1993
1993
1993
1993
1993
1993
1993
1993
1993
1993
1993
1993
1993
1993
1993
1993
1993
1993
1993
1993
1993
1993
1993
1993
1993
1993
1993
1993
1993
1993
1993
1993
1993
1993
1993
1993
1993
1993
1993
1993
1993
1993
1993
1993
1993
1993
1993
1993
1993
1993
1993
1993
1993
1993
1993
1993
1993
1993
1993
1993
1993
1993
1993
1993
1993
1993
1993
1993
1993
1993
1993
1993
1993
1993
1993
1993
1993
1993
1993
1993
1993
1993
1993
1993
1993
1993
1993
1993
1993
1993
1993
1993
1993
1993
